01220:0333,0200,
01221:0333,0200,
01222:0333,0200,
01223:0333,0200,
01224:0333,0200,
01225:0333,0200,
01226:0333,0200,
01227:0333,0200,
01230:0333,0200,
01231:0333,0200,
01232:0333,0200,
01233:0333,0200,
01234:0333,0200,
01235:0333,0200,
01236:0333,0200,
01237:0333,0200,
01240:0333,0200,
01241:0333,0200,
01242:0333,0200,
01243:0333,0200,
01245:0333,0200,
01250:0333,0200,
01251:0333,0200,
01252:0333,0200,
01253:0333,0200,
0220:0322,0331,0331,0331,0332,0332,0332,0336,0336,0336,0331,0332,0337,0362,0203,0337,0337,0203,0203,0203,0203,0203,0203,0335,0203,0203,0203,0203,0203,0203,0336,0336,0203,0335,0203,0337,0337,0203,0203,0203,0203,0203,0203,0335,0203,0203,0203,0203,0203,0203,0336,0336,0203,0363,0320,0335,0336,0330,0333,0337,0337,0337,0330,0333,0330,0333,0333,0330,
01220:0333,0200,0336,0330,0332,0336,0336,0220,0337,0337,0333,0331,0337,
